<?xml version="2.0" ?>
<Type>prefab</Type>
<Prefab>
    <ActorObject t0="-0.0622804" t1="0.309997" t2="-0.0708799" s0="1" s1="1" s2="1" q0="0" q1="0" q2="0" q3="1" euler_x="0" euler_y="0" euler_z="0" id="0" type_file="Data/objects/COGC2018/Characters/kaitla_actor.xml" is_player="0">
        <parameters>
            <parameter name="Aggression" type="float" val="0.75" />
            <parameter name="Attack Damage" type="float" val="0.9" />
            <parameter name="Attack Knockback" type="float" val="0.9" />
            <parameter name="Attack Speed" type="float" val="1.1" />
            <parameter name="Block Follow-up" type="float" val="0.6" />
            <parameter name="Block Skill" type="float" val="0.75" />
            <parameter name="Cannot Be Disarmed" type="int" val="0" />
            <parameter name="Character Scale" type="float" val="1" />
            <parameter name="Damage Resistance" type="float" val="1.1" />
            <parameter name="Ear Size" type="float" val="0.30769" />
            <parameter name="Fat" type="float" val="0.5" />
            <parameter name="Focus FOV distance" type="float" val="100" />
            <parameter name="Focus FOV horizontal" type="float" val="0.62834" />
            <parameter name="Focus FOV vertical" type="float" val="0.62834" />
            <parameter name="Ground Aggression" type="float" val="0.5" />
            <parameter name="Knockout Shield" type="int" val="2" />
            <parameter name="Left handed" type="int" val="1" />
            <parameter name="Movement Speed" type="float" val="1.1" />
            <parameter name="Muscle" type="float" val="0.55" />
            <parameter name="Peripheral FOV distance" type="float" val="4" />
            <parameter name="Peripheral FOV horizontal" type="float" val="1.41376" />
            <parameter name="Peripheral FOV vertical" type="float" val="1.41376" />
            <parameter name="Species" type="string" val="rabbit" />
            <parameter name="Static" type="int" val="0" />
            <parameter name="Teams" type="string" val="rabbit" />
        </parameters>
        <Connections>
            <Connection id="0" />
        </Connections>
        <ItemConnections>
            <ItemConnection id="12" type="1" mirrored="1" attachment="" />
        </ItemConnections>
        <Palette />
        <EnvObjectAttachments>
            <EnvObjectAttachment>
                <BoneConnect bone_id="0" num_connections="1" m0="0.0538324" m1="0.791536" m2="-0.608747" m3="0" m4="-0.0237732" m5="-0.608442" m6="-0.793242" m7="0" m8="-0.998267" m9="0.0571739" m10="-0.0139365" m11="0" m12="-0.169953" m13="-0.0203363" m14="-0.0392406" m15="1" />
                <BoneConnect bone_id="-1" num_connections="0" m0="1" m1="0" m2="0" m3="0" m4="0" m5="1" m6="0" m7="0" m8="0" m9="0" m10="1" m11="0" m12="0" m13="0" m14="0" m15="1" />
                <BoneConnect bone_id="-1" num_connections="0" m0="1" m1="0" m2="0" m3="0" m4="0" m5="1" m6="0" m7="0" m8="0" m9="0" m10="1" m11="0" m12="0" m13="0" m14="0" m15="1" />
                <BoneConnect bone_id="-1" num_connections="0" m0="1" m1="0" m2="0" m3="0" m4="0" m5="1" m6="0" m7="0" m8="0" m9="0" m10="1" m11="0" m12="0" m13="0" m14="0" m15="1" />
            </EnvObjectAttachment>
            <EnvObjectAttachment>
                <BoneConnect bone_id="22" num_connections="1" m0="-0.987073" m1="-0.0406889" m2="0.155122" m3="0" m4="-0.0250621" m5="0.994525" m6="0.101501" m7="0" m8="-0.158401" m9="0.0963035" m10="-0.982688" m11="0" m12="-0.449271" m13="0.220688" m14="-0.0166612" m15="1" />
                <BoneConnect bone_id="-1" num_connections="0" m0="1" m1="0" m2="0" m3="0" m4="0" m5="1" m6="0" m7="0" m8="0" m9="0" m10="1" m11="0" m12="0" m13="0" m14="0" m15="1" />
                <BoneConnect bone_id="-1" num_connections="0" m0="1" m1="0" m2="0" m3="0" m4="0" m5="1" m6="0" m7="0" m8="0" m9="0" m10="1" m11="0" m12="0" m13="0" m14="0" m15="1" />
                <BoneConnect bone_id="-1" num_connections="0" m0="1" m1="0" m2="0" m3="0" m4="0" m5="1" m6="0" m7="0" m8="0" m9="0" m10="1" m11="0" m12="0" m13="0" m14="0" m15="1" />
            </EnvObjectAttachment>
            <EnvObjectAttachment>
                <BoneConnect bone_id="0" num_connections="1" m0="-0.128302" m1="0.610484" m2="0.781561" m3="0" m4="0.961338" m5="0.270169" m6="-0.0532068" m7="0" m8="-0.243634" m9="0.74452" m10="-0.621544" m11="0" m12="0.186321" m13="-0.0193728" m14="-0.0527618" m15="1" />
                <BoneConnect bone_id="-1" num_connections="0" m0="1" m1="0" m2="0" m3="0" m4="0" m5="1" m6="0" m7="0" m8="0" m9="0" m10="1" m11="0" m12="0" m13="0" m14="0" m15="1" />
                <BoneConnect bone_id="-1" num_connections="0" m0="1" m1="0" m2="0" m3="0" m4="0" m5="1" m6="0" m7="0" m8="0" m9="0" m10="1" m11="0" m12="0" m13="0" m14="0" m15="1" />
                <BoneConnect bone_id="-1" num_connections="0" m0="1" m1="0" m2="0" m3="0" m4="0" m5="1" m6="0" m7="0" m8="0" m9="0" m10="1" m11="0" m12="0" m13="0" m14="0" m15="1" />
            </EnvObjectAttachment>
            <EnvObjectAttachment>
                <BoneConnect bone_id="0" num_connections="1" m0="0.994892" m1="0.0101124" m2="-0.100438" m3="0" m4="0.0677997" m5="0.670207" m6="0.739071" m7="0" m8="0.074788" m9="-0.742105" m10="0.666098" m11="0" m12="0.175937" m13="0.000323832" m14="0.000175476" m15="1" />
                <BoneConnect bone_id="-1" num_connections="0" m0="1" m1="0" m2="0" m3="0" m4="0" m5="1" m6="0" m7="0" m8="0" m9="0" m10="1" m11="0" m12="0" m13="0" m14="0" m15="1" />
                <BoneConnect bone_id="-1" num_connections="0" m0="1" m1="0" m2="0" m3="0" m4="0" m5="1" m6="0" m7="0" m8="0" m9="0" m10="1" m11="0" m12="0" m13="0" m14="0" m15="1" />
                <BoneConnect bone_id="-1" num_connections="0" m0="1" m1="0" m2="0" m3="0" m4="0" m5="1" m6="0" m7="0" m8="0" m9="0" m10="1" m11="0" m12="0" m13="0" m14="0" m15="1" />
            </EnvObjectAttachment>
            <EnvObjectAttachment>
                <BoneConnect bone_id="0" num_connections="1" m0="0.869756" m1="-0.111038" m2="0.480828" m3="0" m4="0.115431" m5="0.993103" m6="0.0205373" m7="0" m8="-0.479792" m9="0.03764" m10="0.876575" m11="0" m12="-0.0792943" m13="-0.019537" m14="0.114773" m15="1" />
                <BoneConnect bone_id="-1" num_connections="0" m0="1" m1="0" m2="0" m3="0" m4="0" m5="1" m6="0" m7="0" m8="0" m9="0" m10="1" m11="0" m12="0" m13="0" m14="0" m15="1" />
                <BoneConnect bone_id="-1" num_connections="0" m0="1" m1="0" m2="0" m3="0" m4="0" m5="1" m6="0" m7="0" m8="0" m9="0" m10="1" m11="0" m12="0" m13="0" m14="0" m15="1" />
                <BoneConnect bone_id="-1" num_connections="0" m0="1" m1="0" m2="0" m3="0" m4="0" m5="1" m6="0" m7="0" m8="0" m9="0" m10="1" m11="0" m12="0" m13="0" m14="0" m15="1" />
            </EnvObjectAttachment>
            <EnvObjectAttachment>
                <BoneConnect bone_id="17" num_connections="1" m0="0.12525" m1="-0.0389662" m2="0.991359" m3="0" m4="0.890336" m5="0.445278" m6="-0.0949882" m7="0" m8="-0.437728" m9="0.89454" m10="0.0904624" m11="0" m12="-0.129048" m13="0.438221" m14="-0.00799257" m15="1" />
                <BoneConnect bone_id="-1" num_connections="0" m0="1" m1="0" m2="0" m3="0" m4="0" m5="1" m6="0" m7="0" m8="0" m9="0" m10="1" m11="0" m12="0" m13="0" m14="0" m15="1" />
                <BoneConnect bone_id="-1" num_connections="0" m0="1" m1="0" m2="0" m3="0" m4="0" m5="1" m6="0" m7="0" m8="0" m9="0" m10="1" m11="0" m12="0" m13="0" m14="0" m15="1" />
                <BoneConnect bone_id="-1" num_connections="0" m0="1" m1="0" m2="0" m3="0" m4="0" m5="1" m6="0" m7="0" m8="0" m9="0" m10="1" m11="0" m12="0" m13="0" m14="0" m15="1" />
            </EnvObjectAttachment>
            <EnvObjectAttachment>
                <BoneConnect bone_id="0" num_connections="1" m0="-0.50088" m1="0.217164" m2="-0.83783" m3="0" m4="-0.0815982" m5="0.951852" m6="0.2955" m7="0" m8="0.861662" m9="0.216375" m10="-0.459043" m11="0" m12="0.163654" m13="-0.00396371" m14="-0.0990145" m15="1" />
                <BoneConnect bone_id="-1" num_connections="0" m0="1" m1="0" m2="0" m3="0" m4="0" m5="1" m6="0" m7="0" m8="0" m9="0" m10="1" m11="0" m12="0" m13="0" m14="0" m15="1" />
                <BoneConnect bone_id="-1" num_connections="0" m0="1" m1="0" m2="0" m3="0" m4="0" m5="1" m6="0" m7="0" m8="0" m9="0" m10="1" m11="0" m12="0" m13="0" m14="0" m15="1" />
                <BoneConnect bone_id="-1" num_connections="0" m0="1" m1="0" m2="0" m3="0" m4="0" m5="1" m6="0" m7="0" m8="0" m9="0" m10="1" m11="0" m12="0" m13="0" m14="0" m15="1" />
            </EnvObjectAttachment>
            <EnvObjectAttachment>
                <BoneConnect bone_id="2" num_connections="1" m0="0.950094" m1="0.311935" m2="0.0041695" m3="0" m4="-0.277292" m5="0.850552" m6="-0.446844" m7="0" m8="-0.142933" m9="0.423387" m10="0.894602" m11="0" m12="0.00185974" m13="0.198676" m14="-0.145036" m15="1" />
                <BoneConnect bone_id="-1" num_connections="0" m0="1" m1="0" m2="0" m3="0" m4="0" m5="1" m6="0" m7="0" m8="0" m9="0" m10="1" m11="0" m12="0" m13="0" m14="0" m15="1" />
                <BoneConnect bone_id="-1" num_connections="0" m0="1" m1="0" m2="0" m3="0" m4="0" m5="1" m6="0" m7="0" m8="0" m9="0" m10="1" m11="0" m12="0" m13="0" m14="0" m15="1" />
                <BoneConnect bone_id="-1" num_connections="0" m0="1" m1="0" m2="0" m3="0" m4="0" m5="1" m6="0" m7="0" m8="0" m9="0" m10="1" m11="0" m12="0" m13="0" m14="0" m15="1" />
            </EnvObjectAttachment>
            <EnvObjectAttachment>
                <BoneConnect bone_id="2" num_connections="1" m0="-0.840651" m1="-0.5414" m2="0.0134804" m3="0" m4="-0.54002" m5="0.839875" m6="0.0546661" m7="0" m8="-0.040918" m9="0.0386752" m10="-0.998408" m11="0" m12="-0.0464309" m13="0.334858" m14="-0.155653" m15="1" />
                <BoneConnect bone_id="-1" num_connections="0" m0="1" m1="0" m2="0" m3="0" m4="0" m5="1" m6="0" m7="0" m8="0" m9="0" m10="1" m11="0" m12="0" m13="0" m14="0" m15="1" />
                <BoneConnect bone_id="-1" num_connections="0" m0="1" m1="0" m2="0" m3="0" m4="0" m5="1" m6="0" m7="0" m8="0" m9="0" m10="1" m11="0" m12="0" m13="0" m14="0" m15="1" />
                <BoneConnect bone_id="-1" num_connections="0" m0="1" m1="0" m2="0" m3="0" m4="0" m5="1" m6="0" m7="0" m8="0" m9="0" m10="1" m11="0" m12="0" m13="0" m14="0" m15="1" />
            </EnvObjectAttachment>
            <EnvObjectAttachment>
                <BoneConnect bone_id="2" num_connections="1" m0="0.179733" m1="0.030569" m2="0.983234" m3="0" m4="-0.448973" m5="0.891891" m6="0.05434" m7="0" m8="-0.875275" m9="-0.451215" m10="0.174028" m11="0" m12="0.0730777" m13="0.35662" m14="-0.159978" m15="1" />
                <BoneConnect bone_id="-1" num_connections="0" m0="1" m1="0" m2="0" m3="0" m4="0" m5="1" m6="0" m7="0" m8="0" m9="0" m10="1" m11="0" m12="0" m13="0" m14="0" m15="1" />
                <BoneConnect bone_id="-1" num_connections="0" m0="1" m1="0" m2="0" m3="0" m4="0" m5="1" m6="0" m7="0" m8="0" m9="0" m10="1" m11="0" m12="0" m13="0" m14="0" m15="1" />
                <BoneConnect bone_id="-1" num_connections="0" m0="1" m1="0" m2="0" m3="0" m4="0" m5="1" m6="0" m7="0" m8="0" m9="0" m10="1" m11="0" m12="0" m13="0" m14="0" m15="1" />
            </EnvObjectAttachment>
            <EnvObjectAttachment>
                <BoneConnect bone_id="2" num_connections="1" m0="0.889027" m1="0.411961" m2="0.199798" m3="0" m4="-0.448846" m5="0.870314" m6="0.202707" m7="0" m8="-0.0903793" m9="-0.269891" m10="0.95864" m11="0" m12="0.053528" m13="0.393448" m14="-0.159296" m15="1" />
                <BoneConnect bone_id="-1" num_connections="0" m0="1" m1="0" m2="0" m3="0" m4="0" m5="1" m6="0" m7="0" m8="0" m9="0" m10="1" m11="0" m12="0" m13="0" m14="0" m15="1" />
                <BoneConnect bone_id="-1" num_connections="0" m0="1" m1="0" m2="0" m3="0" m4="0" m5="1" m6="0" m7="0" m8="0" m9="0" m10="1" m11="0" m12="0" m13="0" m14="0" m15="1" />
                <BoneConnect bone_id="-1" num_connections="0" m0="1" m1="0" m2="0" m3="0" m4="0" m5="1" m6="0" m7="0" m8="0" m9="0" m10="1" m11="0" m12="0" m13="0" m14="0" m15="1" />
            </EnvObjectAttachment>
        </EnvObjectAttachments>
        <EnvObject s0="1.0492" s1="0.455084" s2="1.73014" id="1" color_r="1" color_g="1" color_b="1" overbright="0" type_file="Data/Objects/Weapons/DogWeapons/dog_sword_scabbard.xml">
            <parameters />
        </EnvObject>
        <EnvObject s0="1.04401" s1="0.708739" s2="0.622684" id="2" color_r="0.623529" color_g="0.461426" color_b="0.22985" overbright="5.505" type_file="Data/Objects/Gear/dog_armor/dog_armor_lower_arm.xml">
            <parameters />
        </EnvObject>
        <EnvObject s0="0.5" s1="0.5" s2="0.5" id="3" color_r="0.639216" color_g="0.405559" color_b="0.29078" overbright="0" type_file="Data/Objects/Gear/DogTools/DogToolHammer.xml">
            <parameters />
        </EnvObject>
        <EnvObject s0="1.06179" s1="1.02245" s2="1.40744" id="4" color_r="0.802442" color_g="0.905882" color_b="0.554187" overbright="0" type_file="Data/Objects/Gear/dog_armor/dog_armor_detail_rope_ball.xml">
            <parameters />
        </EnvObject>
        <EnvObject s0="-0.75" s1="0.5" s2="0.625" id="5" color_r="0.556863" color_g="0.547228" color_b="0.39308" overbright="0" type_file="Data/Objects/Gear/rabbit_Gear/medium_bags.xml">
            <parameters />
        </EnvObject>
        <EnvObject s0="0.5" s1="0.5" s2="0.5" id="6" color_r="0.615686" color_g="0.514847" color_b="0.272834" overbright="0" type_file="Data/Objects/Gear/rabbit_Gear/medium_bags.xml">
            <parameters />
        </EnvObject>
        <EnvObject s0="0.75" s1="0.75" s2="0.75" id="7" color_r="0.824139" color_g="0.882353" color_b="0.792388" overbright="0" type_file="Data/Objects/Gear/dog_armor/dog_armor_bag.xml">
            <parameters />
        </EnvObject>
        <EnvObject s0="0.5" s1="0.5" s2="0.5" id="8" color_r="0.627451" color_g="0.603366" color_b="0.469973" overbright="0" type_file="Data/Objects/Environment/camp/bed_roll.xml">
            <parameters />
        </EnvObject>
        <EnvObject s0="1.03753" s1="1.21633" s2="0.902502" id="9" color_r="0.447339" color_g="0.494118" color_b="0.346851" overbright="0" type_file="Data/Objects/Gear/rabbit_Gear/large_bag.xml">
            <parameters />
        </EnvObject>
        <EnvObject s0="0.415667" s1="0.412732" s2="0.401119" id="10" color_r="0.631373" color_g="0.470929" color_b="0.126275" overbright="0" type_file="Data/Objects/Environment/LitterLoads/SmallGourd.xml">
            <parameters />
        </EnvObject>
        <EnvObject s0="0.225872" s1="0.204944" s2="0.233982" id="11" color_r="0.839216" color_g="0.737813" color_b="0.519985" overbright="0" type_file="Data/Objects/Buildings/RopeBall1.xml">
            <parameters />
        </EnvObject>
    </ActorObject>
    <ItemObject t0="1.4397" t1="0.694138" t2="0.88731" s0="1" s1="1" s2="1" q0="0" q1="0" q2="0" q3="1" euler_x="0" euler_y="0" euler_z="0" id="12" type_file="Data/Items/DogWeapons/DogKnife.xml" color_r="1" color_g="1" color_b="1" overbright="0">
        <parameters />
    </ItemObject>
</Prefab>
